# Created by Octave 7.3.0, Thu Jun 20 15:31:26 2024 EEST <MushroomGeorge@MushroomGeorge>
# name: alt_matrix_perturbed
# type: cell
# rows: 15
# columns: 9
# name: <cell-element>
# type: matrix
# rows: 4
# columns: 1
 0.23143616216565679
 0.30366001603115672
 0.118243123259708
 0.34666069854347864


# name: <cell-element>
# type: matrix
# rows: 4
# columns: 1
 0.13540935581222413
 0.3176626756762328
 0.44640465926917122
 0.10052330924237188


# name: <cell-element>
# type: matrix
# rows: 4
# columns: 1
 0.10109716941532872
 0.48976117819063242
 0.069642122504106452
 0.33949952988993248


# name: <cell-element>
# type: matrix
# rows: 4
# columns: 1
 0.076227244520514006
 0.42590381941910826
 0.10279360880050545
 0.39507532725987221


# name: <cell-element>
# type: matrix
# rows: 4
# columns: 1
 0.12838070902248874
 0.41293217504413554
 0.38204964543765058
 0.07663747049572521


# name: <cell-element>
# type: matrix
# rows: 4
# columns: 1
 0.50733356429437104
 0.33630168478639438
 0.10243399045954103
 0.053930760459693569


# name: <cell-element>
# type: matrix
# rows: 4
# columns: 1
 0.19952419566829074
 0.18969173074452866
 0.2798004758654295
 0.33098359772175107


# name: <cell-element>
# type: matrix
# rows: 4
# columns: 1
 0.078769747612399521
 0.58782907122985595
 0.07876974761239959
 0.25463143354534484


# name: <cell-element>
# type: matrix
# rows: 4
# columns: 1
 0.045975397420481005
 0.47973762262847408
 0.13159001188193933
 0.34269696806910566


# name: <cell-element>
# type: matrix
# rows: 4
# columns: 1
 0.24439356476233137
 0.22392019859884835
 0.28516811914899171
 0.24651811748982863


# name: <cell-element>
# type: matrix
# rows: 4
# columns: 1
 0.120706291215623
 0.2047328351787274
 0.30128161923071972
 0.37327925437492981


# name: <cell-element>
# type: matrix
# rows: 4
# columns: 1
 0.051293099412135286
 0.51453134776243648
 0.38288245341329302
 0.051293099412135293


# name: <cell-element>
# type: matrix
# rows: 4
# columns: 1
 0.63804478398007625
 0.045876850124188732
 0.24523667337154151
 0.07084169252419345


# name: <cell-element>
# type: matrix
# rows: 4
# columns: 1
 0.056525118318144704
 0.075603696309889681
 0.43393559268598281
 0.43393559268598281


# name: <cell-element>
# type: matrix
# rows: 4
# columns: 1
 0.073696588966409293
 0.067794580354632122
 0.45723185995587728
 0.40127697072308138



# name: <cell-element>
# type: matrix
# rows: 4
# columns: 1
 0.04216399291052942
 0.45074704277600736
 0.30895316841129267
 0.19813579590217062


# name: <cell-element>
# type: matrix
# rows: 4
# columns: 1
 0.16124890740500358
 0.54366603027485572
 0.20115768331448017
 0.093927379005660658


# name: <cell-element>
# type: matrix
# rows: 4
# columns: 1
 0.2774836822335342
 0.48550738063501686
 0.047679636627143474
 0.18932930050430549


# name: <cell-element>
# type: matrix
# rows: 4
# columns: 1
 0.4017304494078543
 0.056577214803224585
 0.27390658902123899
 0.26778574676768224


# name: <cell-element>
# type: matrix
# rows: 4
# columns: 1
 0.079416611874729162
 0.42383059362089043
 0.35053767239198491
 0.14621512211239551


# name: <cell-element>
# type: matrix
# rows: 4
# columns: 1
 0.26981056626193756
 0.047823737294049096
 0.47384116393775516
 0.2085245325062581


# name: <cell-element>
# type: matrix
# rows: 4
# columns: 1
 0.058601927046917308
 0.10941988701501584
 0.45539778999908842
 0.37658039593897841


# name: <cell-element>
# type: matrix
# rows: 4
# columns: 1
 0.19904793626788098
 0.65645498315092377
 0.05391292302722997
 0.090584157553965247


# name: <cell-element>
# type: matrix
# rows: 4
# columns: 1
 0.53047042550288026
 0.26438978273096098
 0.16568511903362887
 0.039454672732529915


# name: <cell-element>
# type: matrix
# rows: 4
# columns: 1
 0.25463708744207586
 0.44904037244341993
 0.21995158550688768
 0.076370954607616573


# name: <cell-element>
# type: matrix
# rows: 4
# columns: 1
 0.14231084589203735
 0.17151647237394749
 0.55413934647690899
 0.13203333525710625


# name: <cell-element>
# type: matrix
# rows: 4
# columns: 1
 0.13203041259725273
 0.039327095261154556
 0.43006405933104286
 0.39857843281054994


# name: <cell-element>
# type: matrix
# rows: 4
# columns: 1
 0.12424658745643988
 0.1009147013675029
 0.64572567446656659
 0.12911303670949068


# name: <cell-element>
# type: matrix
# rows: 4
# columns: 1
 0.4091435192310845
 0.083350589106596512
 0.040280728587543932
 0.46722516307477507


# name: <cell-element>
# type: matrix
# rows: 4
# columns: 1
 0.26671372144291239
 0.087211252542039305
 0.10440340763237729
 0.54167161838267097



# name: <cell-element>
# type: matrix
# rows: 4
# columns: 1
 0.17213242085385552
 0.26166363771526174
 0.52587922570351664
 0.040324715727366109


# name: <cell-element>
# type: matrix
# rows: 4
# columns: 1
 0.40465827092697276
 0.064417559527197202
 0.46855200684764314
 0.062372162698186871


# name: <cell-element>
# type: matrix
# rows: 4
# columns: 1
 0.16269661700801061
 0.68964703819598927
 0.067746665482208063
 0.079909679313792073


# name: <cell-element>
# type: matrix
# rows: 4
# columns: 1
 0.24826169084104213
 0.33090235267327855
 0.068001811463069162
 0.35283414502261023


# name: <cell-element>
# type: matrix
# rows: 4
# columns: 1
 0.38156872684694698
 0.22059250881160464
 0.046299066612399943
 0.35153969772904842


# name: <cell-element>
# type: matrix
# rows: 4
# columns: 1
 0.068976123332590372
 0.11916934201547379
 0.53865230316041901
 0.2732022314915169


# name: <cell-element>
# type: matrix
# rows: 4
# columns: 1
 0.043060108192691016
 0.37324916693485283
 0.092750878867919662
 0.49093984600453655


# name: <cell-element>
# type: matrix
# rows: 4
# columns: 1
 0.054379966110661253
 0.074781854385109189
 0.48941969499595123
 0.38141848450827831


# name: <cell-element>
# type: matrix
# rows: 4
# columns: 1
 0.052828895882616696
 0.59704214102126163
 0.061492405735747484
 0.28863655736037414


# name: <cell-element>
# type: matrix
# rows: 4
# columns: 1
 0.37886531109049265
 0.11141003131389426
 0.060487360351462433
 0.44923729724415068


# name: <cell-element>
# type: matrix
# rows: 4
# columns: 1
 0.16288890815296844
 0.27236377079630225
 0.5126246404974778
 0.052122680553251352


# name: <cell-element>
# type: matrix
# rows: 4
# columns: 1
 0.40143593183060305
 0.07956815313939862
 0.41501883021165309
 0.10397708481834533


# name: <cell-element>
# type: matrix
# rows: 4
# columns: 1
 0.080891189606362088
 0.46167967784817887
 0.0551816165634475
 0.40224751598201158


# name: <cell-element>
# type: matrix
# rows: 4
# columns: 1
 0.13709844217301373
 0.66549315309282486
 0.14257737286181749
 0.054831031872343949


# name: <cell-element>
# type: matrix
# rows: 4
# columns: 1
 0.65326474997285078
 0.16327968267876297
 0.085675018273306147
 0.097780549075080034



# name: <cell-element>
# type: matrix
# rows: 4
# columns: 1
 0.11873662624778668
 0.21119929940921223
 0.072923034631079645
 0.59714103971192145


# name: <cell-element>
# type: matrix
# rows: 4
# columns: 1
 0.2782943275568211
 0.51939444155696579
 0.052590342765907655
 0.14972088812030548


# name: <cell-element>
# type: matrix
# rows: 4
# columns: 1
 0.16617551171823425
 0.50628075946195572
 0.058046375529906089
 0.26949735328990376


# name: <cell-element>
# type: matrix
# rows: 4
# columns: 1
 0.071382581156767419
 0.33821615940857619
 0.51837481447263356
 0.072026444962022901


# name: <cell-element>
# type: matrix
# rows: 4
# columns: 1
 0.072679503549052379
 0.17305824824612304
 0.43128542502954398
 0.32297682317528059


# name: <cell-element>
# type: matrix
# rows: 4
# columns: 1
 0.29551611382377757
 0.55465121162673392
 0.053444910882631431
 0.096387763666857029


# name: <cell-element>
# type: matrix
# rows: 4
# columns: 1
 0.066942394258729332
 0.70502643749285143
 0.16108877398969002
 0.066942394258729304


# name: <cell-element>
# type: matrix
# rows: 4
# columns: 1
 0.70176411820979823
 0.047239857060708872
 0.14917729268541235
 0.10181873204408054


