# Created by Octave 7.3.0, Fri Jun 28 14:56:36 2024 EEST <MushroomGeorge@MushroomGeorge>
# name: av_alt_w
# type: cell
# rows: 9
# columns: 1
# name: <cell-element>
# type: matrix
# rows: 1
# columns: 4
 0.20157313341979557 0.22795206314447836 0.33229546301414903 0.23817934042157698


# name: <cell-element>
# type: matrix
# rows: 1
# columns: 4
 0.27647371603525273 0.22361196595132096 0.2393946117032619 0.26051970631016441


# name: <cell-element>
# type: matrix
# rows: 1
# columns: 4
 0.19562760312084743 0.25829619766584239 0.25460702079425612 0.29146917841905406


# name: <cell-element>
# type: matrix
# rows: 1
# columns: 4
 0.40152307094638567 0.21407763198331267 0.10859816009530604 0.27580113697499581


# name: <cell-element>
# type: matrix
# rows: 1
# columns: 4
 0.23573114002321166 0.23582270829545016 0.263794513388732 0.26465163829260618


# name: <cell-element>
# type: matrix
# rows: 1
# columns: 4
 0.21643399267695465 0.32675428974910703 0.23872171866574252 0.21808999890819583


# name: <cell-element>
# type: matrix
# rows: 1
# columns: 4
 0.25254209606185013 0.16917874299316124 0.35164168464948292 0.22663747629550585


# name: <cell-element>
# type: matrix
# rows: 1
# columns: 4
 0.30071923308524634 0.19805225906910215 0.27509921933805009 0.22612928850760142


# name: <cell-element>
# type: matrix
# rows: 1
# columns: 4
 0.20583972554952118 0.26755811569312515 0.31011310467014347 0.21648905408721017





# name: cost_w
# type: matrix
# rows: 1
# columns: 3
 0.2762216922214808 0.41379971806141941 0.30997858971709974


# name: usability_w
# type: matrix
# rows: 1
# columns: 3
 0.43809699348036862 0.31156523083347826 0.25033777568615306


# name: functionality_w
# type: matrix
# rows: 1
# columns: 3
 0.39840548028312239 0.28167794441992072 0.319916575296957


# name: final_priorities
# type: matrix
# rows: 1
# columns: 4
 0.22093096484600303 0.23477887893263177 0.28574783665807929 0.25854231956328594


# name: alt_matrix
# type: cell
# rows: 15
# columns: 9
# name: <cell-element>
# type: matrix
# rows: 4
# columns: 4
 1 2 0.14285714285714285 0.20000000000000001
 0.5 1 0.1111111111111111 0.14285714285714285
 7 9 1 1
 5 7 1 1


# name: <cell-element>
# type: matrix
# rows: 4
# columns: 4
 1 2 1 3
 0.5 1 0.20000000000000001 0.33333333333333331
 1 5 1 2
 0.33333333333333331 3 0.5 1


# name: <cell-element>
# type: matrix
# rows: 4
# columns: 4
 1 0.33333333333333331 0.1111111111111111 5
 3 1 0.33333333333333331 9
 9 3 1 9
 0.20000000000000001 0.1111111111111111 0.1111111111111111 1


# name: <cell-element>
# type: matrix
# rows: 4
# columns: 4
 1 1 7 0.5
 1 1 2 0.14285714285714285
 0.14285714285714285 0.5 1 0.1111111111111111
 2 7 9 1


# name: <cell-element>
# type: matrix
# rows: 4
# columns: 4
 1 2 0.1111111111111111 0.1111111111111111
 0.5 1 0.125 0.14285714285714285
 9 8 1 2
 9 7 0.5 1


# name: <cell-element>
# type: matrix
# rows: 4
# columns: 4
 1 0.25 0.20000000000000001 0.5
 4 1 1 7
 5 1 1 5
 2 0.14285714285714285 0.20000000000000001 1


# name: <cell-element>
# type: matrix
# rows: 4
# columns: 4
 1 0.5 0.20000000000000001 1
 2 1 0.125 0.5
 5 8 1 8
 1 2 0.125 1


# name: <cell-element>
# type: matrix
# rows: 4
# columns: 4
 1 0.16666666666666666 0.16666666666666666 0.1111111111111111
 6 1 0.5 0.16666666666666666
 6 2 1 0.5
 9 6 2 1


# name: <cell-element>
# type: matrix
# rows: 4
# columns: 4
 1 1 7 8
 1 1 8 7
 0.14285714285714285 0.125 1 1
 0.125 0.14285714285714285 1 1


# name: <cell-element>
# type: matrix
# rows: 4
# columns: 4
 1 0.5 0.33333333333333331 0.1111111111111111
 2 1 0.25 0.1111111111111111
 3 4 1 1
 9 9 1 1


# name: <cell-element>
# type: matrix
# rows: 4
# columns: 4
 1 0.1111111111111111 0.1111111111111111 0.5
 9 1 0.5 2
 9 2 1 8
 2 0.5 0.125 1


# name: <cell-element>
# type: matrix
# rows: 4
# columns: 4
 1 1 8 4
 1 1 4 2
 0.125 0.25 1 0.33333333333333331
 0.25 0.5 3 1


# name: <cell-element>
# type: matrix
# rows: 4
# columns: 4
 1 1 7 7
 1 1 8 6
 0.14285714285714285 0.125 1 1
 0.14285714285714285 0.16666666666666666 1 1


# name: <cell-element>
# type: matrix
# rows: 4
# columns: 4
 1 2 3 8
 0.5 1 1 8
 0.33333333333333331 1 1 7
 0.125 0.125 0.14285714285714285 1


# name: <cell-element>
# type: matrix
# rows: 4
# columns: 4
 1 0.125 0.16666666666666666 0.16666666666666666
 8 1 1 1
 6 1 1 1
 6 1 1 1



# name: <cell-element>
# type: matrix
# rows: 4
# columns: 4
 1 6 7 1
 0.16666666666666666 1 1 0.25
 0.14285714285714285 1 1 0.25
 1 4 4 1


# name: <cell-element>
# type: matrix
# rows: 4
# columns: 4
 1 7 4 0.25
 0.14285714285714285 1 1 0.1111111111111111
 0.25 1 1 0.25
 4 9 4 1


# name: <cell-element>
# type: matrix
# rows: 4
# columns: 4
 1 1 0.20000000000000001 0.5
 1 1 0.20000000000000001 0.1111111111111111
 5 5 1 1
 2 9 1 1


# name: <cell-element>
# type: matrix
# rows: 4
# columns: 4
 1 5 0.5 0.5
 0.20000000000000001 1 0.14285714285714285 0.25
 2 7 1 0.5
 2 4 2 1


# name: <cell-element>
# type: matrix
# rows: 4
# columns: 4
 1 1 2 6
 1 1 2 6
 0.5 0.5 1 4
 0.16666666666666666 0.16666666666666666 0.25 1


# name: <cell-element>
# type: matrix
# rows: 4
# columns: 4
 1 5 5 0.25
 0.20000000000000001 1 1 0.20000000000000001
 0.20000000000000001 1 1 0.16666666666666666
 4 5 6 1


# name: <cell-element>
# type: matrix
# rows: 4
# columns: 4
 1 2 7 7
 0.5 1 4 6
 0.14285714285714285 0.25 1 3
 0.14285714285714285 0.16666666666666666 0.33333333333333331 1


# name: <cell-element>
# type: matrix
# rows: 4
# columns: 4
 1 5 9 9
 0.20000000000000001 1 5 1
 0.1111111111111111 0.20000000000000001 1 0.5
 0.1111111111111111 1 2 1


# name: <cell-element>
# type: matrix
# rows: 4
# columns: 4
 1 0.16666666666666666 0.33333333333333331 2
 6 1 8 9
 3 0.125 1 4
 0.5 0.1111111111111111 0.25 1


# name: <cell-element>
# type: matrix
# rows: 4
# columns: 4
 1 3 1 1
 0.33333333333333331 1 0.16666666666666666 1
 1 6 1 3
 1 1 0.33333333333333331 1


# name: <cell-element>
# type: matrix
# rows: 4
# columns: 4
 1 1 0.33333333333333331 1
 1 1 1 1
 3 1 1 3
 1 1 0.33333333333333331 1


# name: <cell-element>
# type: matrix
# rows: 4
# columns: 4
 1 0.14285714285714285 1 0.125
 7 1 7 1
 1 0.14285714285714285 1 0.125
 8 1 8 1


# name: <cell-element>
# type: matrix
# rows: 4
# columns: 4
 1 2 1 6
 0.5 1 0.20000000000000001 1
 1 5 1 4
 0.16666666666666666 1 0.25 1


# name: <cell-element>
# type: matrix
# rows: 4
# columns: 4
 1 0.25 1 1
 4 1 5 1
 1 0.20000000000000001 1 0.25
 1 1 4 1


# name: <cell-element>
# type: matrix
# rows: 4
# columns: 4
 1 1 0.1111111111111111 0.5
 1 1 0.25 2
 9 4 1 9
 2 0.5 0.1111111111111111 1



# name: <cell-element>
# type: matrix
# rows: 4
# columns: 4
 1 4 6 0.33333333333333331
 0.25 1 2 0.20000000000000001
 0.16666666666666666 0.5 1 0.14285714285714285
 3 5 7 1


# name: <cell-element>
# type: matrix
# rows: 4
# columns: 4
 1 0.1111111111111111 0.25 0.33333333333333331
 9 1 1 5
 4 1 1 3
 3 0.20000000000000001 0.33333333333333331 1


# name: <cell-element>
# type: matrix
# rows: 4
# columns: 4
 1 0.33333333333333331 0.33333333333333331 4
 3 1 0.25 6
 3 4 1 8
 0.25 0.16666666666666666 0.125 1


# name: <cell-element>
# type: matrix
# rows: 4
# columns: 4
 1 0.5 1 7
 2 1 4 8
 1 0.25 1 3
 0.14285714285714285 0.125 0.33333333333333331 1


# name: <cell-element>
# type: matrix
# rows: 4
# columns: 4
 1 2 6 6
 0.5 1 8 4
 0.16666666666666666 0.125 1 0.33333333333333331
 0.16666666666666666 0.25 3 1


# name: <cell-element>
# type: matrix
# rows: 4
# columns: 4
 1 0.33333333333333331 6 0.25
 3 1 6 0.33333333333333331
 0.16666666666666666 0.16666666666666666 1 0.125
 4 3 8 1


# name: <cell-element>
# type: matrix
# rows: 4
# columns: 4
 1 0.14285714285714285 1 1
 7 1 9 4
 1 0.1111111111111111 1 1
 1 0.25 1 1


# name: <cell-element>
# type: matrix
# rows: 4
# columns: 4
 1 0.125 1 0.14285714285714285
 8 1 4 0.25
 1 0.25 1 0.1111111111111111
 7 4 9 1


